0 0 0 0 0 0 0 0 0 0 0 0 0 0 0 0 0 0 0 0 0 0 0 0 0 00 0 0 0 0
0 0 0 0 0 0 30 0 0 0 0 0 26 0 0 13 0 0 0 0 27 0 0 0 0 0 0 14 0 30
0 0 0 0 0 0 0 0 0 0 0 0 26 0 0 0 0 0 0 0 27 0 0 0 0 0 0 30 0 0
0 0 0 0 30 0 0 0 0 0 0 0 26 0 13 0 0 0 0 0 27 0 0 0 0 0 0 0 0 14
1 1 1 1 1 1 1 1 1 1 1 1 1 1 1 1 1 1 1 1 1 1 1 1 1 1 1 1 1 1
1 1 1 1 1 1 1 1 1 1 1 1 1 1 1 1 1 1 1 1 1 1 1 1 1 1 1 1 1 1
0 0 0 0 30 0 0 1 0 0 0 0 0 0 0 0 0 0 30 0 0 1 0 0 0 0 0 0 0 0
1 1 1 0 0 0 0 1 0 0 30 0 0 0 13 0 0 0 0 0 0 1 0 0 0 0 0 1 1 1
30 0 1 0 0 0 0 0 0 0 0 0 0 0 0 0 0 0 0 0 0 0 14 0 0 0 0 1 0 30
14 0 1 0 0 0 0 0 0 13 0 0 0 0 0 0 14 0 0 0 0 0 0 0 13 0 0 1 0 13
1 1 1 1 1 1 1 1 1 1 1 1 1 1 1 1 1 1 1 1 1 1 1 1 1 1 1 1 1 1
0 0 0 0 0 0 0 0 14 0 0 0 0 0 0 0 0 0 0 0 0 14 0 0 0 0 0 0 0 0
27 27 27 0 0 0 0 0 0 0 0 23 23 23 23 23 23 0 0 0 0 0 0 0 0 0 26 26 26 26
27 0 27 0 13 0 0 0 0 0 0 23 23 100 0 23 23 0 0 0 0 0 0 0 0 0 26 26 0 0
27 27 27 0 14 0 0 0 0 0 0 23 23 0 0 23 23 0 0 0 0 0 0 0 0 0 26 26 0 0



