0 0 0 0 0 0 0 0 0 0 0 0 0 0 0 13 0 0 0 0 0 0 0 0 0 11 11 11 11 11
0 0 0 0 0 0 0 0 0 26 26 26 0 0 0 0 0 0 27 0 0 27 27 0 0 0 0 0 0 0
0 9 0 0 0 30 0 0 0 26 26 26 0 14 0 0 0 0 0 0 27 27 0 0 14 0 0 0 0 30
0 0 0 0 0 0 0 0 13 0 26 0 0 26 0 0 0 0 13 0 0 27 27 0 0 0 0 0 0 0
1 1 1 1 1 0 0 0 0 0 14 0 0 0 0 0 0 0 0 0 0 0 0 0 0 1 1 1 1 1
0 30 0 1 1 0 0 0 30 0 0 0 0 24 24 24 24 24 24 24 0 0 0 0 0 1 1 0 0 0
0 0 0 1 1 0 0 0 14 0 0 27 0 24 0 0 0 13 0 24 0 13 0 26 0 1 1 0 0 0
0 30 0 1 1 0 0 0 0 0 0 0 0 24 0 14 0 14 0 24 0 0 0 0 0 1 1 0 30 0
0 0 0 1 1 0 0 0 0 0 0 0 0 24 24 24 24 24 24 24 0 30 0 0 0 1 1 0 0 0
0 0 0 1 1 0 0 30 0 0 0 0 0 0 14 0 0 0 0 0 0 0 0 0 0 1 1 0 0 0
1 1 1 1 1 0 0 0 26 26 26 26 0 0 0 0 0 30 0 0 0 0 0 0 0 1 1 1 1 1
0 0 0 0 0 0 0 0 26 0 0 0 0 26 0 0 0 0 0 0 0 14 0 0 0 0 0 0 0 0
0 27 27 0 0 0 0 0 0 0 0 23 23 23 23 23 23 0 0 0 0 0 0 0 9 0 27 27 27 30
0 27 27 0 0 13 0 0 0 0 0 23 23 100 0 23 23 0 0 0 0 0 0 0 0 0 0 14 0 0
0 0 0 0 0 0 0 0 0 0 0 23 23 0 0 23 23 0 0 0 13 0 0 0 0 0 0 0 0 0



