0 0 0 0 0 0 0 0 0 0 0 0 0 0 0 0 0 0 0 0 0 0 0 0 0 0 0 0 0 0
0 0 0 0 0 0 0 0 0 26 0 26 0 0 0 0 0 0 0 0 0 30 0 0 0 0 0 0 0 0
24 24 24 24 0 0 0 0 0 0 24 24 0 0 0 30 0 0 0 0 0 0 26 26 26 0 0 0 0 0
1 1 1 0 0 0 0 0 0 0 14 0 0 0 14 0 0 0 30 0 0 13 0 0 26 0 0 26 0 0
0 0 1 30 0 0 0 13 0 0 0 0 0 24 0 0 14 0 0 0 30 0 0 0 26 30 0 26 0 0
0 0 1 0 0 24 24 24 24 0 0 24 0 0 13 0 0 0 0 0 0 0 0 0 0 0 0 0 0 0
0 0 1 0 0 0 0 14 0 0 0 0 0 0 0 0 0 30 0 0 0 0 0 0 0 0 13 0 14 0
0 0 1 0 0 0 0 0 0 24 24 24 24 0 0 0 24 24 24 0 0 0 30 0 0 0 0 0 0 0
1 1 1 0 13 0 0 0 0 0 0 0 24 0 0 0 24 0 0 0 0 0 0 0 0 0 0 0 30 0
0 0 0 0 13 0 0 30 0 0 0 0 0 0 0 0 0 0 0 0 0 30 0 0 13 0 0 0 0 0
0 0 0 30 0 0 0 0 13 0 0 0 0 24 0 0 13 0 0 0 0 0 0 0 0 0 0 0 0 0
1 1 1 0 0 0 0 0 0 0 0 0 0 0 0 24 24 0 0 0 0 0 0 0 0 0 26 26 26 26
0 0 0 30 0 0 13 0 0 0 0 23 23 23 23 23 23 0 0 0 0 0 14 0 9 0 0 0 0 0
1 1 1 0 0 0 0 0 0 0 0 23 23 100 0 23 23 0 0 0 0 0 0 0 0 0 0 0 0 0
0 0 0 0 0 0 0 0 0 0 0 23 23 0 0 23 23 0 0 0 0 0 0 0 0 0 0 0 0 0



